my_gemm_3_results

+----------------------------------------------------------------------------------+
|                            GEMM Optimizator Driver                               |
+-----------------------------+------------------------------------------+---------+
|     M        N        K     |   Ref-GFlops    OP-GFlops    Speed-up    |  Test   |
+-----------------------------+------------------------------------------+---------+
|  12544     64        147    |    1.10           11.39        10.37     |    OK   |
|  3136      64        64     |    1.52           12.31        8.12      |    OK   |
|  3136      64        576    |    1.21           9.56         7.89      |    OK   |
|  3136      256       64     |    1.40           10.59        7.57      |    OK   |
|  3136      64        256    |    1.10           6.55         5.97      |    OK   |
|  3136      128       256    |    1.12           8.56         7.63      |    OK   |
|  784       128       1152   |    0.73           9.36         12.78     |    OK   |
|  784       512       128    |    1.25           9.63         7.73      |    OK   |
|  784       512       256    |    0.90           8.35         9.27      |    OK   |
|  784       128       512    |    1.10           9.92         9.05      |    OK   |
|  784       256       512    |    0.84           9.50         11.33     |    OK   |
|  196       256       2304   |    0.58           8.46         14.67     |    OK   |
|  196       1024      256    |    0.83           8.46         10.17     |    OK   |
|  196       1024      512    |    0.58           8.01         13.76     |    OK   |
|  196       256       1024   |    0.76           8.62         11.33     |    OK   |
|  196       512       1024   |    0.58           8.21         14.15     |    OK   |
|  49        512       4608   |    0.19           5.10         26.22     |    OK   |
|  49        2048      512    |    0.40           5.23         12.92     |    OK   |
|  49        2048      1024   |    0.24           4.89         20.71     |    OK   |
|  49        512       2048   |    0.31           5.11         16.43     |    OK   |
+-----------------------------+------------------------------------------+---------+
|          AVERAGE            |    0.84           8.39         10.03     |    -    |
+-----------------------------+------------------------------------------+---------+
