my_gemm_4_results
+----------------------------------------------------------------------------------+
|                            GEMM Optimizator Driver                               |
+-----------------------------+------------------------------------------+---------+
|     M        N        K     |   Ref-GFlops    OP-GFlops    Speed-up    |  Test   |
+-----------------------------+------------------------------------------+---------+
|  12544     64        147    |    1.09           11.50        10.51     |    OK   |
|  3136      64        64     |    1.53           11.83        7.71      |    OK   |
|  3136      64        576    |    1.19           9.49         7.98      |    OK   |
|  3136      256       64     |    1.38           10.40        7.55      |    OK   |
|  3136      64        256    |    1.28           8.99         7.03      |    OK   |
|  3136      128       256    |    1.29           10.09        7.81      |    OK   |
|  784       128       1152   |    0.80           9.21         11.48     |    OK   |
|  784       512       128    |    1.17           9.52         8.14      |    OK   |
|  784       512       256    |    0.73           7.24         9.86      |    OK   |
|  784       128       512    |    0.51           6.67         13.20     |    OK   |
|  784       256       512    |    0.54           7.03         13.04     |    OK   |
|  196       256       2304   |    0.42           5.32         12.81     |    OK   |
|  196       1024      256    |    0.55           6.96         12.74     |    OK   |
|  196       1024      512    |    0.49           5.30         10.91     |    OK   |
|  196       256       1024   |    0.60           7.75         12.91     |    OK   |
|  196       512       1024   |    0.54           7.24         13.53     |    OK   |
|  49        512       4608   |    0.11           4.19         38.64     |    OK   |
|  49        2048      512    |    0.00           4.39         inf       |    OK   |
|  49        2048      1024   |    0.00           4.65         inf       |    OK   |
|  49        512       2048   |    0.00           5.28         inf       |    OK   |
+-----------------------------+------------------------------------------+---------+
|          AVERAGE            |    0.71           7.65         10.77     |    -    |
+-----------------------------+------------------------------------------+---------+
