my_gemm_2_results

+----------------------------------------------------------------------------------+
|                            GEMM Optimizator Driver                               |
+-----------------------------+------------------------------------------+---------+
|     M        N        K     |   Ref-GFlops    OP-GFlops    Speed-up    |  Test   |
+-----------------------------+------------------------------------------+---------+
|  12544     64        147    |    0.90           10.52        11.71     |    OK   |
|  3136      64        64     |    1.56           12.29        7.87      |    OK   |
|  3136      64        576    |    1.22           9.73         8.00      |    OK   |
|  3136      256       64     |    1.36           10.18        7.50      |    OK   |
|  3136      64        256    |    1.27           9.72         7.65      |    OK   |
|  3136      128       256    |    1.23           10.06        8.17      |    OK   |
|  784       128       1152   |    0.80           9.22         11.53     |    OK   |
|  784       512       128    |    1.16           9.58         8.23      |    OK   |
|  784       512       256    |    0.92           8.90         9.71      |    OK   |
|  784       128       512    |    0.86           7.69         8.98      |    OK   |
|  784       256       512    |    0.74           9.50         12.86     |    OK   |
|  196       256       2304   |    0.74           7.90         10.66     |    OK   |
|  196       1024      256    |    0.84           8.46         10.07     |    OK   |
|  196       1024      512    |    0.74           8.03         10.89     |    OK   |
|  196       256       1024   |    0.81           9.22         11.44     |    OK   |
|  196       512       1024   |    0.81           8.18         10.05     |    OK   |
|  49        512       4608   |    0.19           5.48         28.28     |    OK   |
|  49        2048      512    |    0.64           6.10         9.50      |    OK   |
|  49        2048      1024   |    0.31           5.41         17.55     |    OK   |
|  49        512       2048   |    0.35           6.20         17.83     |    OK   |
+-----------------------------+------------------------------------------+---------+
|          AVERAGE            |    0.87           8.62         9.88      |    -    |
+-----------------------------+------------------------------------------+---------+
