my_gemm_5_results
+----------------------------------------------------------------------------------+
|                            GEMM Optimizator Driver                               |
+-----------------------------+------------------------------------------+---------+
|     M        N        K     |   Ref-GFlops    OP-GFlops    Speed-up    |  Test   |
+-----------------------------+------------------------------------------+---------+
|  12544     64        147    |    0.69           8.12         11.75     |    OK   |
|  3136      64        64     |    1.11           7.63         6.87      |    OK   |
|  3136      64        576    |    0.91           7.10         7.80      |    OK   |
|  3136      256       64     |    0.99           9.96         10.04     |    OK   |
|  3136      64        256    |    1.30           9.82         7.57      |    OK   |
|  3136      128       256    |    1.25           9.91         7.91      |    OK   |
|  784       128       1152   |    0.82           8.91         10.87     |    OK   |
|  784       512       128    |    1.19           9.55         8.03      |    OK   |
|  784       512       256    |    0.93           9.08         9.72      |    OK   |
|  784       128       512    |    1.17           9.55         8.15      |    OK   |
|  784       256       512    |    0.85           9.15         10.71     |    OK   |
|  196       256       2304   |    0.75           8.41         11.15     |    OK   |
|  196       1024      256    |    0.85           8.49         10.04     |    OK   |
|  196       1024      512    |    0.60           7.63         12.72     |    OK   |
|  196       256       1024   |    0.65           8.87         13.73     |    OK   |
|  196       512       1024   |    0.62           7.49         12.15     |    OK   |
|  49        512       4608   |    0.19           5.08         27.44     |    OK   |
|  49        2048      512    |    0.68           5.74         8.42      |    OK   |
|  49        2048      1024   |    0.30           3.88         12.97     |    OK   |
|  49        512       2048   |    0.19           5.01         26.24     |    OK   |
+-----------------------------+------------------------------------------+---------+
|          AVERAGE            |    0.80           7.97         9.94      |    -    |
+-----------------------------+------------------------------------------+---------+
